3 0 9 1 1 20 
3 0 9 1 1 17 
3 1 45 1 4 28 
0 0 8 1 1 15 
0 0 9 1 1 15 
3 0 6 1 1 20 
3 0 6 1 1 18 
2 0 23 1 1 19 
2 0 30 1 1 10 
3 0 10 1 1 17 
2 0 27 1 1 20 
3 0 8 1 1 17 
3 1 82 1 4 17 
0 0 10 1 1 29 
3 1 65 1 4 14 
3 0 7 1 1 12 
3 0 10 1 1 29 
3 1 56 1 4 27 
0 0 10 1 1 22 
3 0 9 1 1 13 
3 1 47 1 4 41 
3 1 64 1 4 17 
0 0 9 1 1 14 
3 0 7 1 1 20 
0 0 11 1 1 27 
3 0 8 1 1 26 
3 0 7 1 1 22 
2 0 17 1 1 11 
3 0 7 1 1 29 
0 0 8 1 1 28 
2 0 24 1 1 15 
3 0 9 1 1 23 
3 0 10 1 1 25 
0 0 12 1 1 22 
3 0 11 1 1 18 
0 0 11 1 1 17 
0 0 10 1 1 26 
3 0 11 1 1 21 
3 0 6 1 1 21 
3 1 42 1 4 36 
3 1 78 1 4 23 
3 0 6 1 1 11 
0 0 11 1 1 18 
3 0 8 1 1 16 
0 0 10 1 1 13 
3 0 10 1 1 30 
2 0 27 1 1 16 
3 1 58 1 4 37 
2 0 17 1 1 9 
2 0 29 1 1 12 
0 0 13 1 1 14 
2 0 35 1 1 20 
0 0 11 1 1 25 
2 0 26 1 1 10 
3 1 32 1 4 35 
3 1 56 1 4 16 
2 0 29 1 1 8 
3 1 31 1 4 40 
3 0 11 1 1 21 
3 0 7 1 1 25 
3 1 35 1 4 20 
0 0 12 1 1 22 
0 0 11 1 1 17 
3 0 7 1 1 17 
3 0 8 1 1 23 
3 1 57 1 4 17 
2 0 28 1 1 9 
3 0 11 1 1 21 
3 0 9 1 1 27 
3 1 77 1 4 35 
2 0 23 1 1 16 
3 1 34 1 4 17 
3 0 9 1 1 25 
2 0 18 1 1 11 
2 0 28 1 1 8 
2 0 28 1 1 15 
3 1 28 1 4 17 
2 0 21 1 1 16 
3 0 8 1 1 18 
3 0 6 1 1 24 
3 1 70 1 4 23 
3 0 7 1 1 26 
3 0 8 1 1 17 
3 0 9 1 1 16 
0 0 6 1 1 13 
0 0 11 1 1 13 
0 0 6 1 1 20 
2 0 25 1 1 13 
0 0 9 1 1 20 
2 0 33 1 1 10 
3 0 8 1 1 20 
3 0 8 1 1 16 
3 1 74 1 4 16 
2 0 22 1 1 17 
2 0 27 1 1 15 
3 0 10 1 1 17 
3 0 7 1 1 14 
2 0 27 1 1 14 
3 0 9 1 1 17 
3 1 63 1 4 18 
3 0 11 1 1 30 
3 1 76 1 4 37 
0 0 9 1 1 13 
3 0 7 1 1 28 
2 0 27 1 1 20 
3 0 5 1 1 15 
2 0 29 1 1 11 
3 0 5 1 1 28 
3 0 8 1 1 17 
3 0 7 1 1 29 
3 0 6 1 1 19 
3 1 29 1 4 34 
2 0 29 1 1 13 
2 0 29 1 1 9 
3 0 5 1 1 25 
3 1 37 1 4 41 
3 0 9 1 1 21 
3 1 52 1 4 30 
3 1 74 1 4 27 
0 0 12 1 1 23 
3 0 6 1 1 19 
0 0 11 1 1 19 
0 0 8 1 1 26 
0 0 10 1 1 31 
0 0 8 1 1 19 
0 0 12 1 1 16 
3 1 34 1 4 20 
3 0 7 1 1 18 
0 0 11 1 1 18 
3 0 4 1 1 27 
3 1 60 1 4 22 
3 0 9 1 1 26 
2 0 22 1 1 14 
3 1 82 1 4 18 
3 0 10 1 1 12 
3 0 9 1 1 16 
3 1 68 1 4 36 
3 0 8 1 1 17 
3 1 80 1 4 15 
2 0 26 1 1 20 
3 1 69 1 4 32 
3 0 4 1 1 24 
2 0 25 1 1 18 
0 0 12 1 1 30 
3 0 8 1 1 15 
0 0 11 1 1 16 
3 0 8 1 1 17 
0 0 8 1 1 12 
3 0 5 1 1 27 
0 0 12 1 1 23 
3 1 86 1 4 39 
3 0 11 1 1 24 
0 0 9 1 1 18 
3 1 54 1 4 29 
2 0 34 1 1 8 
0 0 7 1 1 21 
3 1 75 1 4 39 
2 0 24 1 1 11 
2 0 31 1 1 9 
3 1 63 1 4 37 
3 1 31 1 4 36 
3 0 7 1 1 26 
0 0 6 1 1 20 
3 0 5 1 1 13 
3 0 9 1 1 25 
3 1 82 1 4 35 
2 0 21 1 1 9 
3 1 31 1 4 41 
3 0 6 1 1 23 
3 0 8 1 1 17 
2 0 21 1 1 17 
3 0 7 1 1 23 
3 0 6 1 1 15 
3 0 9 1 1 15 
2 0 30 1 1 12 
0 0 7 1 1 13 
0 0 10 1 1 13 
2 0 22 1 1 19 
3 0 9 1 1 21 
3 1 71 1 4 30 
0 0 7 1 1 15 
3 0 10 1 1 18 
3 0 10 1 1 26 
0 0 7 1 1 19 
0 0 12 1 1 18 
3 0 11 1 1 15 
3 1 64 1 4 14 
2 0 23 1 1 10 
3 0 10 1 1 17 
3 1 85 1 4 37 
0 0 11 1 1 26 
3 0 9 1 1 16 
3 0 7 1 1 27 
2 0 31 1 1 17 
3 0 9 1 1 15 
3 0 6 1 1 27 
3 0 9 1 1 12 
2 0 29 1 1 10 
3 0 9 1 1 15 
3 1 85 1 4 36 
3 0 6 1 1 12 
3 1 76 1 4 35 
2 0 24 1 1 20 
3 1 67 1 4 20 
3 1 64 1 4 23 
3 0 6 1 1 24 
3 0 8 1 1 12 
2 0 25 1 1 12 
2 0 32 1 1 14 
2 0 32 1 1 13 
3 1 84 1 4 27 
3 0 11 1 1 23 
2 0 26 1 1 19 
2 0 33 1 1 11 
2 0 31 1 1 16 
3 0 7 1 1 25 
0 0 6 1 1 12 
3 0 9 1 1 15 
0 0 7 1 1 21 
3 1 53 1 4 24 
0 0 10 1 1 15 
2 0 19 1 1 16 
0 0 9 1 1 23 
3 0 9 1 1 28 
3 0 11 1 1 19 
3 1 80 1 4 30 
0 0 10 1 1 14 
3 0 11 1 1 27 
3 0 11 1 1 19 
3 1 83 1 4 16 
0 0 8 1 1 26 
3 1 79 1 4 28 
3 0 11 1 1 22 
3 1 82 1 4 17 
3 1 59 1 4 33 
2 0 29 1 1 19 
3 0 11 1 1 16 
3 0 9 1 1 27 
3 0 11 1 1 30 
0 0 11 1 1 21 
3 0 10 1 1 27 
2 0 32 1 1 12 
3 0 9 1 1 23 
3 0 11 1 1 17 
3 0 8 1 1 28 
3 0 10 1 1 19 
3 0 6 1 1 20 
3 0 11 1 1 13 
3 0 9 1 1 17 
3 0 4 1 1 16 
0 0 10 1 1 19 
3 0 9 1 1 18 
0 0 9 1 1 19 
3 0 8 1 1 11 
3 1 79 1 4 26 
0 0 13 1 1 16 
0 0 12 1 1 20 
3 0 6 1 1 19 
3 0 10 1 1 15 
3 0 6 1 1 17 
2 0 21 1 1 12 
2 0 23 1 1 18 
3 0 6 1 1 17 
2 0 21 1 1 17 
3 0 9 1 1 19 
0 0 10 1 1 16 
3 0 7 1 1 14 
3 1 35 1 4 35 
3 0 11 1 1 19 
0 0 9 1 1 22 
3 0 11 1 1 25 
3 1 66 1 4 36 
3 0 9 1 1 29 
3 0 10 1 1 22 
0 0 10 1 1 19 
3 0 8 1 1 25 
0 0 12 1 1 21 
2 0 21 1 1 13 
3 1 53 1 4 20 
3 0 8 1 1 25 
3 0 9 1 1 29 
3 1 42 1 4 32 
3 0 11 1 1 24 
0 0 13 1 1 26 
0 0 11 1 1 21 
2 0 23 1 1 16 
3 0 11 1 1 24 
0 0 13 1 1 31 
3 0 8 1 1 21 
0 0 9 1 1 14 
3 1 68 1 4 31 
2 0 25 1 1 20 
3 1 43 1 4 17 
3 1 72 1 4 32 
2 0 26 1 1 19 
3 0 9 1 1 30 
3 1 65 1 4 21 
0 0 12 1 1 31 
0 0 11 1 1 24 
3 0 8 1 1 19 
2 0 26 1 1 18 
2 0 21 1 1 13 
3 0 7 1 1 23 
2 0 32 1 1 16 
3 1 57 1 4 31 
0 0 12 1 1 16 
3 0 6 1 1 23 
0 0 9 1 1 23 
3 0 10 1 1 20 
3 0 9 1 1 20 
3 0 8 1 1 19 
3 0 9 1 1 27 
0 0 8 1 1 21 
3 0 8 1 1 21 
3 0 6 1 1 12 
3 1 60 1 4 21 
3 1 68 1 4 22 
0 0 10 1 1 30 
2 0 18 1 1 20 
2 0 34 1 1 10 
3 1 60 1 4 35 
3 0 10 1 1 27 
3 1 83 1 4 21 
2 0 27 1 1 16 
3 0 7 1 1 29 
3 1 50 1 4 20 
3 0 7 1 1 25 
0 0 12 1 1 15 
3 0 9 1 1 13 
2 0 27 1 1 7 
2 0 27 1 1 12 
3 0 6 1 1 20 
3 0 8 1 1 19 
3 0 11 1 1 14 
3 1 76 1 4 17 
0 0 9 1 1 19 
0 0 9 1 1 31 
0 0 10 1 1 13 
2 0 33 1 1 14 
3 0 5 1 1 17 
3 0 7 1 1 18 
0 0 10 1 1 27 
3 0 6 1 1 14 
3 0 8 1 1 23 
0 0 5 1 1 13 
0 0 9 1 1 23 
3 0 7 1 1 15 
2 0 29 1 1 11 
3 0 7 1 1 23 
3 0 11 1 1 30 
3 0 7 1 1 30 
2 0 23 1 1 11 
2 0 27 1 1 18 
3 0 7 1 1 25 
3 0 10 1 1 19 
0 0 11 1 1 16 
3 0 9 1 1 19 
3 0 6 1 1 25 
3 0 6 1 1 19 
3 1 85 1 4 41 
3 0 8 1 1 26 
0 0 11 1 1 17 
3 0 9 1 1 27 
2 0 23 1 1 8 
0 0 8 1 1 29 
3 0 11 1 1 17 
2 0 26 1 1 18 
0 0 7 1 1 26 
3 0 9 1 1 21 
0 0 12 1 1 11 
3 0 8 1 1 20 
3 0 8 1 1 27 
3 0 10 1 1 17 
3 1 52 1 4 39 
3 0 7 1 1 11 
3 0 6 1 1 18 
0 0 11 1 1 25 
3 0 9 1 1 28 
3 0 7 1 1 23 
2 0 20 1 1 12 
2 0 26 1 1 16 
3 0 5 1 1 28 
2 0 24 1 1 15 
0 0 8 1 1 16 
0 0 8 1 1 16 
0 0 9 1 1 17 
2 0 27 1 1 16 
2 0 21 1 1 16 
3 1 43 1 4 34 
3 0 11 1 1 15 
3 0 8 1 1 19 
3 0 5 1 1 20 
3 0 7 1 1 21 
3 0 10 1 1 13 
3 0 10 1 1 17 
2 0 29 1 1 9 
0 0 12 1 1 27 
0 0 11 1 1 12 
2 0 34 1 1 10 
3 0 6 1 1 26 
3 0 10 1 1 11 
2 0 23 1 1 9 
2 0 30 1 1 11 
0 0 9 1 1 17 
3 1 76 1 4 16 
2 0 32 1 1 12 
3 1 37 1 4 24 
3 1 80 1 4 18 
3 1 82 1 4 27 
2 0 24 1 1 10 
3 0 6 1 1 28 
0 0 11 1 1 18 
3 1 71 1 4 22 
3 0 7 1 1 28 
3 1 34 1 4 25 
3 1 64 1 4 34 
2 0 29 1 1 19 
3 0 11 1 1 19 
3 0 7 1 1 17 
3 0 8 1 1 16 
3 0 8 1 1 29 
2 0 25 1 1 12 
0 0 11 1 1 11 
2 0 34 1 1 14 
3 1 44 1 4 28 
3 0 8 1 1 24 
3 1 68 1 4 21 
3 1 63 1 4 32 
0 0 8 1 1 20 
3 1 30 1 4 39 
3 0 11 1 1 13 
3 1 73 1 4 40 
0 0 6 1 1 28 
0 0 11 1 1 22 
3 0 10 1 1 14 
3 0 8 1 1 16 
2 0 30 1 1 16 
3 0 10 1 1 15 
3 0 10 1 1 24 
2 0 23 1 1 19 
3 1 30 1 4 33 
0 0 7 1 1 20 
3 0 10 1 1 14 
2 0 26 1 1 10 
3 1 60 1 4 30 
2 0 28 1 1 10 
0 0 12 1 1 18 
0 0 11 1 1 27 
3 0 8 1 1 27 
2 0 31 1 1 11 
3 0 10 1 1 13 
3 1 72 1 4 16 
3 1 79 1 4 21 
3 0 11 1 1 12 
2 0 19 1 1 16 
3 0 9 1 1 19 
3 0 9 1 1 19 
3 1 82 1 4 34 
2 0 22 1 1 13 
0 0 7 1 1 29 
3 0 6 1 1 18 
3 1 72 1 4 31 
3 1 78 1 4 18 
0 0 6 1 1 19 
3 0 9 1 1 21 
3 0 6 1 1 19 
0 0 12 1 1 19 
2 0 21 1 1 7 
3 0 7 1 1 27 
2 0 32 1 1 20 
3 0 5 1 1 23 
3 0 6 1 1 25 
3 0 7 1 1 15 
0 0 11 1 1 26 
3 0 6 1 1 21 
0 0 13 1 1 30 
2 0 30 1 1 11 
3 1 67 1 4 27 
3 1 65 1 4 36 
3 1 77 1 4 20 
3 1 32 1 4 36 
3 0 8 1 1 27 
3 0 7 1 1 21 
3 1 61 1 4 22 
3 0 7 1 1 26 
3 1 65 1 4 39 
3 0 11 1 1 18 
3 0 9 1 1 21 
3 1 67 1 4 40 
3 0 8 1 1 19 
2 0 19 1 1 10 
3 0 9 1 1 19 
2 0 25 1 1 9 
3 1 35 1 4 24 
2 0 24 1 1 17 
3 0 8 1 1 20 
3 1 68 1 4 18 
0 0 11 1 1 26 
3 0 10 1 1 16 
3 0 11 1 1 15 
3 1 80 1 4 23 
3 1 38 1 4 34 
3 0 6 1 1 27 
0 0 10 1 1 26 
3 0 11 1 1 20 
3 1 29 1 4 40 
3 1 51 1 4 33 
3 1 75 1 4 30 
3 1 73 1 4 39 
3 0 11 1 1 16 
2 0 28 1 1 10 
3 1 31 1 4 18 
3 0 9 1 1 11 
3 0 6 1 1 13 
2 0 19 1 1 18 
3 1 43 1 4 35 
0 0 11 1 1 27 
3 0 8 1 1 20 
3 1 34 1 4 34 
3 0 6 1 1 15 
3 0 10 1 1 25 
3 0 6 1 1 30 
3 0 9 1 1 19 
2 0 27 1 1 19 
2 0 21 1 1 8 
3 1 35 1 4 29 
3 0 6 1 1 30 
3 0 8 1 1 22 
2 0 29 1 1 11 
0 0 12 1 1 20 
0 0 12 1 1 24 
2 0 33 1 1 9 
3 0 9 1 1 20 
3 0 10 1 1 16 
3 0 6 1 1 24 
3 0 10 1 1 15 
3 1 44 1 4 24 
3 0 4 1 1 19 
3 1 31 1 4 16 
3 0 6 1 1 25 
3 1 44 1 4 38 
3 0 9 1 1 28 
2 0 33 1 1 18 
3 0 9 1 1 12 
2 0 21 1 1 7 
2 0 23 1 1 8 
0 0 11 1 1 30 
3 1 32 1 4 29 
2 0 28 1 1 16 
2 0 25 1 1 16 
3 1 85 1 4 29 
3 0 6 1 1 17 
0 0 12 1 1 18 
3 1 36 1 4 36 
3 0 10 1 1 15 
3 1 57 1 4 25 
2 0 25 1 1 10 
2 0 32 1 1 17 
3 0 8 1 1 20 
3 0 8 1 1 31 
0 0 11 1 1 23 
3 1 82 1 4 41 
3 0 5 1 1 14 
2 0 24 1 1 19 
2 0 21 1 1 17 
3 0 9 1 1 17 
3 0 6 1 1 29 
0 0 8 1 1 21 
0 0 7 1 1 28 
0 0 10 1 1 21 
0 0 5 1 1 18 
3 0 9 1 1 12 
0 0 13 1 1 19 
3 0 7 1 1 24 
3 0 7 1 1 17 
3 0 5 1 1 23 
3 1 34 1 4 34 
3 1 48 1 4 41 
2 0 30 1 1 19 
3 0 9 1 1 26 
2 0 32 1 1 13 
2 0 28 1 1 17 
3 0 5 1 1 19 
3 1 38 1 4 36 
3 1 57 1 4 25 
3 1 48 1 4 38 
2 0 27 1 1 17 
3 0 6 1 1 29 
3 0 6 1 1 28 
3 1 67 1 4 36 
3 0 9 1 1 30 
2 0 16 1 1 17 
0 0 9 1 1 25 
3 0 9 1 1 23 
2 0 27 1 1 12 
3 0 11 1 1 19 
0 0 9 1 1 15 
3 0 11 1 1 14 
3 0 8 1 1 14 
3 1 69 1 4 15 
3 0 9 1 1 23 
3 1 67 1 4 37 
3 0 6 1 1 16 
3 1 37 1 4 16 
0 0 7 1 1 29 
0 0 10 1 1 29 
3 0 9 1 1 15 
3 0 9 1 1 28 
3 0 10 1 1 19 
0 0 12 1 1 12 
3 1 64 1 4 16 
3 0 8 1 1 11 
0 0 9 1 1 15 
3 0 10 1 1 23 
3 1 32 1 4 26 
3 1 40 1 4 35 
0 0 9 1 1 22 
3 0 9 1 1 19 
0 0 12 1 1 27 
3 1 73 1 4 18 
3 0 7 1 1 20 
0 0 8 1 1 23 
3 0 11 1 1 28 
2 0 22 1 1 7 
3 0 8 1 1 21 
3 0 9 1 1 22 
3 1 32 1 4 33 
3 1 38 1 4 24 
3 0 6 1 1 19 
2 0 21 1 1 11 
2 0 28 1 1 13 
3 0 9 1 1 20 
0 0 9 1 1 18 
2 0 26 1 1 19 
3 0 8 1 1 30 
0 0 7 1 1 30 
3 0 9 1 1 28 
3 0 9 1 1 22 
3 0 7 1 1 15 
3 0 9 1 1 31 
3 1 73 1 4 21 
3 0 8 1 1 21 
3 1 76 1 4 38 
3 0 8 1 1 24 
3 0 9 1 1 23 
3 1 67 1 4 23 
0 0 8 1 1 22 
3 0 9 1 1 20 
2 0 21 1 1 14 
0 0 9 1 1 19 
3 0 8 1 1 16 
3 1 30 1 4 26 
0 0 6 1 1 30 
2 0 25 1 1 13 
0 0 10 1 1 24 
0 0 11 1 1 21 
3 1 30 1 4 36 
3 0 7 1 1 24 
3 1 52 1 4 31 
3 0 11 1 1 25 
3 1 31 1 4 38 
3 0 11 1 1 26 
3 0 8 1 1 20 
3 1 80 1 4 17 
0 0 9 1 1 24 
3 0 7 1 1 27 
2 0 31 1 1 8 
0 0 9 1 1 22 
3 0 9 1 1 16 
0 0 12 1 1 16 
3 1 81 1 4 31 
3 0 8 1 1 26 
3 0 10 1 1 28 
2 0 30 1 1 18 
2 0 26 1 1 18 
3 0 10 1 1 29 
2 0 31 1 1 9 
3 0 8 1 1 14 
3 0 6 1 1 19 
3 0 9 1 1 16 
3 1 48 1 4 24 
0 0 8 1 1 27 
3 1 54 1 4 32 
3 0 10 1 1 14 
3 0 9 1 1 23 
3 0 8 1 1 15 
3 0 7 1 1 15 
3 1 72 1 4 36 
3 0 11 1 1 15 
0 0 10 1 1 15 
2 0 33 1 1 19 
2 0 32 1 1 10 
3 1 86 1 4 16 
3 1 55 1 4 35 
3 1 71 1 4 31 
2 0 22 1 1 20 
3 0 10 1 1 15 
3 1 60 1 4 36 
2 0 27 1 1 15 
0 0 8 1 1 24 
3 0 9 1 1 21 
3 1 72 1 4 31 
3 0 11 1 1 18 
3 0 9 1 1 22 
3 0 6 1 1 23 
2 0 26 1 1 12 
3 0 5 1 1 21 
0 0 11 1 1 26 
3 0 11 1 1 19 
0 0 11 1 1 13 
3 0 9 1 1 26 
3 0 9 1 1 22 
3 0 8 1 1 25 
0 0 11 1 1 28 
0 0 11 1 1 19 
0 0 7 1 1 19 
0 0 12 1 1 28 
3 1 81 1 4 36 
3 0 9 1 1 16 
0 0 9 1 1 29 
3 0 8 1 1 20 
3 0 9 1 1 31 
3 0 10 1 1 24 
0 0 6 1 1 29 
3 0 10 1 1 16 
3 1 53 1 4 29 
0 0 10 1 1 12 
0 0 10 1 1 13 
3 0 8 1 1 27 
3 0 10 1 1 11 
2 0 31 1 1 17 
3 1 39 1 4 17 
3 0 7 1 1 19 
3 0 7 1 1 13 
3 0 9 1 1 31 
3 0 11 1 1 19 
3 0 9 1 1 17 
3 0 11 1 1 29 
2 0 26 1 1 11 
0 0 9 1 1 24 
2 0 29 1 1 18 
3 0 7 1 1 16 
3 1 69 1 4 40 
2 0 28 1 1 15 
0 0 10 1 1 21 
3 1 43 1 4 36 
0 0 7 1 1 21 
3 1 64 1 4 21 
2 0 30 1 1 16 
0 0 10 1 1 19 
3 0 5 1 1 19 
3 0 10 1 1 29 
2 0 29 1 1 16 
3 1 75 1 4 23 
2 0 19 1 1 9 
3 0 8 1 1 19 
3 0 7 1 1 17 
3 1 39 1 4 31 
0 0 10 1 1 14 
0 0 11 1 1 24 
3 0 7 1 1 23 
3 1 65 1 4 41 
3 0 11 1 1 17 
3 0 6 1 1 21 
3 0 8 1 1 26 
3 0 8 1 1 22 
3 0 5 1 1 29 
3 0 8 1 1 19 
2 0 22 1 1 16 
0 0 12 1 1 22 
3 0 9 1 1 16 
3 1 31 1 4 17 
3 0 7 1 1 22 
3 1 76 1 4 17 
3 0 7 1 1 20 
3 0 9 1 1 25 
2 0 26 1 1 18 
3 0 9 1 1 27 
0 0 12 1 1 12 
3 1 57 1 4 38 
3 1 57 1 4 26 
3 0 8 1 1 22 
0 0 9 1 1 26 
3 1 57 1 4 22 
3 1 60 1 4 24 
3 0 7 1 1 28 
0 0 5 1 1 19 
3 0 9 1 1 19 
3 1 75 1 4 32 
2 0 28 1 1 16 
2 0 30 1 1 15 
2 0 24 1 1 14 
0 0 7 1 1 20 
0 0 11 1 1 29 
3 0 11 1 1 26 
3 1 77 1 4 17 
3 1 84 1 4 31 
2 0 30 1 1 17 
2 0 26 1 1 15 
3 0 9 1 1 12 
3 0 11 1 1 30 
3 1 41 1 4 20 
0 0 9 1 1 23 
3 0 8 1 1 29 
3 1 67 1 4 41 
0 0 9 1 1 26 
0 0 11 1 1 22 
3 0 8 1 1 17 
3 0 8 1 1 17 
0 0 10 1 1 30 
3 1 54 1 4 18 
3 0 5 1 1 17 
3 0 9 1 1 12 
0 0 10 1 1 25 
0 0 12 1 1 20 
0 0 10 1 1 27 
0 0 10 1 1 16 
3 0 6 1 1 16 
2 0 22 1 1 9 
2 0 17 1 1 14 
2 0 32 1 1 14 
3 1 50 1 4 38 
3 1 39 1 4 38 
3 0 9 1 1 13 
3 0 8 1 1 22 
2 0 21 1 1 15 
3 1 36 1 4 21 
3 0 5 1 1 20 
3 0 9 1 1 19 
2 0 23 1 1 14 
2 0 24 1 1 14 
3 1 48 1 4 38 
3 0 5 1 1 16 
0 0 7 1 1 15 
3 0 8 1 1 16 
0 0 13 1 1 19 
3 0 9 1 1 19 
3 0 9 1 1 19 
3 1 85 1 4 14 
3 0 6 1 1 11 
0 0 11 1 1 15 
3 1 53 1 4 18 
0 0 10 1 1 18 
0 0 9 1 1 12 
3 1 36 1 4 30 
2 0 28 1 1 10 
3 0 6 1 1 27 
2 0 25 1 1 12 
3 1 74 1 4 39 
2 0 27 1 1 7 
3 0 8 1 1 21 
2 0 34 1 1 10 
3 1 48 1 4 33 
3 0 7 1 1 29 
0 0 9 1 1 17 
0 0 10 1 1 17 
3 0 7 1 1 23 
3 0 9 1 1 24 
0 0 9 1 1 11 
2 0 29 1 1 9 
3 1 77 1 4 32 
3 0 10 1 1 27 
2 0 31 1 1 16 
3 1 79 1 4 39 
2 0 28 1 1 14 
0 0 7 1 1 13 
0 0 9 1 1 20 
0 0 12 1 1 22 
3 0 11 1 1 21 
2 0 27 1 1 7 
2 0 26 1 1 17 
3 1 41 1 4 17 
3 0 9 1 1 19 
0 0 10 1 1 20 
0 0 8 1 1 27 
2 0 22 1 1 10 
3 1 82 1 4 26 
3 0 7 1 1 18 
2 0 23 1 1 16 
0 0 11 1 1 19 
3 0 9 1 1 29 
3 0 8 1 1 18 
2 0 26 1 1 17 
3 0 10 1 1 17 
2 0 30 1 1 15 
3 1 33 1 4 24 
3 0 10 1 1 12 
3 0 9 1 1 26 
3 1 76 1 4 18 
3 0 4 1 1 14 
3 1 71 1 4 21 
3 0 8 1 1 17 
3 1 57 1 4 35 
3 0 8 1 1 19 
0 0 8 1 1 14 
3 0 10 1 1 16 
3 1 85 1 4 31 
3 0 10 1 1 15 
0 0 13 1 1 23 
3 0 6 1 1 22 
0 0 12 1 1 15 
0 0 9 1 1 22 
3 0 7 1 1 13 
3 1 46 1 4 34 
3 0 6 1 1 14 
3 0 10 1 1 24 
3 0 7 1 1 20 
3 0 7 1 1 22 
3 0 11 1 1 23 
0 0 10 1 1 26 
0 0 9 1 1 21 
2 0 16 1 1 20 
3 1 38 1 4 40 
3 0 8 1 1 24 
0 0 9 1 1 14 
3 0 6 1 1 27 
3 1 69 1 4 39 
3 0 8 1 1 23 
3 0 8 1 1 18 
3 0 9 1 1 19 
3 0 6 1 1 14 
3 0 8 1 1 12 
0 0 8 1 1 27 
3 0 9 1 1 23 
3 0 7 1 1 11 
2 0 33 1 1 18 
2 0 32 1 1 13 
3 0 10 1 1 30 
0 0 9 1 1 19 
3 0 5 1 1 16 
2 0 27 1 1 18 
2 0 23 1 1 12 
0 0 12 1 1 24 
0 0 6 1 1 18 
3 1 79 1 4 38 
3 1 74 1 4 41 
3 0 8 1 1 31 
0 0 11 1 1 27 
3 1 74 1 4 26 
2 0 30 1 1 10 
2 0 27 1 1 17 
2 0 29 1 1 15 
3 0 9 1 1 30 
3 0 7 1 1 29 
3 1 74 1 4 24 
3 0 9 1 1 17 
3 0 8 1 1 11 
2 0 32 1 1 15 
3 0 11 1 1 16 
0 0 12 1 1 13 
2 0 25 1 1 14 
3 0 7 1 1 20 
3 0 11 1 1 19 
2 0 33 1 1 14 
2 0 26 1 1 12 
2 0 23 1 1 7 
0 0 11 1 1 11 
2 0 23 1 1 14 
3 1 31 1 4 23 
2 0 32 1 1 7 
3 0 10 1 1 18 
3 0 8 1 1 22 
2 0 25 1 1 18 
0 0 8 1 1 13 
3 0 6 1 1 15 
3 1 80 1 4 27 
3 0 9 1 1 20 
3 1 70 1 4 25 
2 0 28 1 1 15 
3 1 48 1 4 34 
2 0 24 1 1 8 
3 0 10 1 1 29 
0 0 9 1 1 23 
3 1 48 1 4 26 
3 0 9 1 1 29 
3 0 11 1 1 15 
3 1 76 1 4 15 
0 0 8 1 1 24 
0 0 7 1 1 18 
3 0 6 1 1 18 
3 0 8 1 1 29 
3 0 9 1 1 19 
3 0 11 1 1 29 
3 0 7 1 1 17 
2 0 27 1 1 16 
0 0 12 1 1 13 
3 0 10 1 1 16 
2 0 25 1 1 15 
3 1 73 1 4 21 
2 0 24 1 1 20 
3 1 63 1 4 23 
3 1 49 1 4 31 
3 1 48 1 4 18 
3 0 5 1 1 18 
3 0 9 1 1 16 
3 1 56 1 4 26 
3 1 53 1 4 27 
2 0 32 1 1 18 
3 1 38 1 4 36 
3 1 71 1 4 26 
